410 316 63 366 167
394 372 294 251 274
409 281 124 378 416
99 73 239 423 27
34 118 262 393 413
67 55 122 319 224
235 160 329 240 341
179 356 202 364 174
320 106 293 140 98
22 76 90 392 404
40 245 217 56 192
348 44 269 326 241
153 21 131 312 323
417 33 338 298 261
332 299 29 49 120
39 169 309 403 103
1 401 221 201 284
172 75 344 93 214
57 367 238 267 278
411 259 340 257 115
25 145 135 3 48
66 322 129 196 154
26 183 72 109 101
247 290 194 195 134
282 349 69 218 189
207 94 81 74 227
30 237 383 399 350
307 300 191 41 156
199 296 176 6 132
95 371 310 295 32
37 345 365 223 285
253 421 178 80 215
358 97 256 166 226
230 85 162 219 389
382 406 12 347 62
297 273 346 184 279
52 51 110 8 138
272 19 412 209 116
114 314 311 255 354
283 9 355 402 177
53 24 91 111 35
108 405 248 258 190
170 113 151 385 205
353 86 13 271 396
197 232 42 357 286
4 45 212 152 268
233 84 352 133 43
7 175 243 228 379
59 141 143 65 130
146 373 102 376 50
291 330 173 288 142
252 220 149 185 100
47 2 18 147 165
229 87 159 318 216
231 359 264 104 374
36 88 408 395 275
362 419 164 158 302
234 289 155 58 82
306 23 16 186 263
265
